{
 "cells": [
  {
   "cell_type": "markdown",
   "metadata": {},
   "source": [
    "# 統計學習初論 (Spring, 2019)"
   ]
  },
  {
   "cell_type": "markdown",
   "metadata": {},
   "source": [
    "Homework 3\n",
    "\n",
    "截止日期: 9AM, 2019/4/9\n",
    "    \n",
    "請將HTML檔上傳至Ceiba作業區。回答作業時建議使用 \"三明治\" 答題法。也就是說，先說明要做什麼，然後列出程式碼與結果，最後說明這些結果的意義。作業自己做。嚴禁抄襲。不接受紙本繳交，不接受遲交。請以英文或中文作答。"
   ]
  },
  {
   "cell_type": "markdown",
   "metadata": {},
   "source": [
    "# 第一題 [Classification via Generative Models]"
   ]
  },
  {
   "cell_type": "markdown",
   "metadata": {},
   "source": [
    "(50%) We are going to explore the problem of identifying smartphone position through probabilistic generative models. Motion sensors in smartphones provide valuable information for researchers to understand its owners. An interesting (and more challenging) task is to identify human activities through the data recorded by motion sensors. For example, we want to know whether the smartphone owner is walking, running, or biking. In this homework problem, we are going to tackle a simpler problem. We want to know the static position of the smartphone. There are six possible positions:\n",
    "\n",
    "Phoneonback: The phone is laying on the back of the phone with the screen pointing up (away from the ground).\n",
    "    \n",
    "Phoneonfront: The phone is laying on the back of the phone with the screen pointing towards the ground\n",
    "    \n",
    "Phoneonbottom: The phone is standing on the bottom of the screen, meaning the bottom is pointed towards the ground\n",
    "    \n",
    "Phoneontop: The phone is standing on the top of the screen, meaning the top is pointed towards the ground\n",
    "    \n",
    "Phoneonleft: The phone is laying on the left side of the screen.\n",
    "    \n",
    "Phoneonright: The phone is laying on the right side of the screen.\n",
    "    \n",
    "The input data is the reading of the accelerometer (cf. https://en.wikipedia.org/wiki/Accelerometer) in the smartphone. We have a training dataset that contains about 28,500 data points for phones in each of the six positions. The following is some basic information of the training dataset."
   ]
  },
  {
   "cell_type": "code",
   "execution_count": 1,
   "metadata": {},
   "outputs": [
    {
     "name": "stdout",
     "output_type": "stream",
     "text": [
      "The first few rows are:\n",
      "          x         y         z        label\n",
      "0  0.138809  0.074341  9.801056  Phoneonback\n",
      "1  0.164993  0.006500  9.690369  Phoneonback\n",
      "2  0.211411 -0.001831  9.755829  Phoneonback\n",
      "3  0.184036 -0.007782  9.774872  Phoneonback\n",
      "4  0.142380  0.005310  9.765350  Phoneonback\n",
      "\n",
      "Summary statistics:\n",
      "                   x              y              z\n",
      "count  167097.000000  167097.000000  167097.000000\n",
      "mean        0.357340       0.146807      -0.015550\n",
      "std         5.622396       5.552010       5.737150\n",
      "min        -9.770279      -9.966507      -9.908417\n",
      "25%         0.016617      -0.074875      -0.221497\n",
      "50%         0.142776       0.009628       0.025223\n",
      "75%         0.249893       0.295715       0.151032\n",
      "max        10.073685       9.980255      10.031113\n",
      "\n",
      "Label counts:\n",
      "Phoneonleft      29522\n",
      "Phoneonfront     29079\n",
      "Phoneonback      28566\n",
      "Phoneonbottom    27842\n",
      "Phoneontop       26401\n",
      "Phoneonright     25687\n",
      "Name: label, dtype: int64\n"
     ]
    }
   ],
   "source": [
    "%matplotlib inline\n",
    "import pandas as pd\n",
    "import pickle\n",
    "from PIL import Image\n",
    "a1= \"C://Users//POPO//Desktop//a1.png\"\n",
    "a1= Image.open(a1)\n",
    "a2= \"C://Users//POPO//Desktop//a2.png\"\n",
    "a2= Image.open(a2)\n",
    "a3= \"C://Users//POPO//Desktop//a3.png\"\n",
    "a3= Image.open(a3)\n",
    "\n",
    "with open('C://Users//POPO//Desktop//phone_train.pickle', 'rb') as fh1:\n",
    "    traindata = pickle.load(fh1)\n",
    "print(\"The first few rows are:\")\n",
    "print(traindata.head())\n",
    "print(\"\\nSummary statistics:\")\n",
    "print(traindata.describe())\n",
    "print(\"\\nLabel counts:\")\n",
    "print(traindata['label'].value_counts())"
   ]
  },
  {
   "cell_type": "markdown",
   "metadata": {},
   "source": [
    "It is obvious that the last column, label, is the target of our predictive model and the first three columns are the input features.\n",
    "\n",
    "We are going to train a model that can predict smartphone positions given its accelerometer readings. To achieve this goal, we are going to divide this question into two sub-questions. The first is about training a generative classifier, and the second is to predict smartphone positions.\n",
    "\n",
    "Creat a Python class named mygpc for this task. The sample usage for model training and testing should be like the following:"
   ]
  },
  {
   "cell_type": "markdown",
   "metadata": {},
   "source": [
    "pgc1 = mypgc()\n",
    "\n",
    "pgc1.fit(X_train, Y_train)\n",
    "\n",
    "ypred = pgc1.predict(X_test)"
   ]
  },
  {
   "cell_type": "markdown",
   "metadata": {},
   "source": [
    "Model Training\n",
    "To train probabilistic generative classifiers, we need to assume how the data are generated in one given position. Here we are going to adopt a simple assumption that the data are generated from multivariate Gaussian distributions. To train a model under this assumption, we need to compute the mean and covariance of features at each label in the training data.\n",
    "\n",
    "For each of the six labels, you should record the following information:\n",
    "\n",
    "mu: the mean vector.\n",
    "    \n",
    "cov: the covariance matrix.\n",
    "    \n",
    "prec: the inverse of covariance matrix.\n",
    "    \n",
    "detcov: logarithm of the determinant of the covariance matrix.\n",
    "    \n",
    "n: number of observations for this label.\n",
    "    \n",
    "prior: learned prior probability of this label.\n",
    "    \n",
    "You should store your learned parameters in a two-level dictionary structure. For example, you can access the precision of \"Phoneonback\" by amodel[\"Phoneonback\"][\"prec\"], where amodel is the learned model."
   ]
  },
  {
   "cell_type": "markdown",
   "metadata": {},
   "source": [
    "Prediction\n",
    "To predict phone positions, compute the posterior of each position given the trained model, and select the position with the largest probability. That is, given the reading  g=(gx,gy,gz)T , the probability that the phone position is k can be written as  Prob(POS=k│g)∝Prob(g│POS=k)Prob(POS=k) .\n",
    "\n",
    "The likelihood  Prob(g|POS=k)  is simply  N(g|μk,σk) , where  μk  and  σk  are learned from the training data.\n",
    "\n",
    "Answer the following questions:\n",
    "\n",
    "Q1.1: Create your mypgc class.\n",
    "    \n",
    "Q1.2: Load data from \"phone_train.picke\" and train your model. List your learned model parameters in a pretty, human readable way so that the TA can easily check the correctness of your results.\n",
    "    \n",
    "Q1.3: Load the test data from \"phone_test1.pickle\" and apply your predict method. List the first 20 predictions and well as the correct labels. Compute the accuracy for your model. Accuracy is the number of correct predictions divided by total number of data points.\n",
    "    \n",
    "Implementation Restrictions\n",
    "You are allowed to use the \"building block\" libraries including numpy and scipy in your own mypgc class. You will receive a zero score if you adopted an existing probabilistic generatic classifier in your answer. The input features and lables for the train method should be numpy arrays. The input features and output lables for the predict method should be numpy arrays."
   ]
  },
  {
   "cell_type": "code",
   "execution_count": 2,
   "metadata": {},
   "outputs": [],
   "source": [
    "#Q1.1: Create your mypgc class."
   ]
  },
  {
   "cell_type": "code",
   "execution_count": 3,
   "metadata": {},
   "outputs": [],
   "source": [
    "import numpy as np\n",
    "import matplotlib.pyplot as plt\n",
    "from scipy.stats import multivariate_normal\n",
    "class mypgc:\n",
    "    def __init__(self):\n",
    "        None\n",
    "        \n",
    "    def fit(self,X,Y):\n",
    "        self.new_dic = {}\n",
    "        self.new_dic[\"Phoneonback\"]={}\n",
    "        self.new_dic[\"Phoneonbottom\"]={}\n",
    "        self.new_dic[\"Phoneonfront\"]={}\n",
    "        self.new_dic[\"Phoneonleft\"]={}\n",
    "        self.new_dic[\"Phoneonright\"]={}\n",
    "        self.new_dic[\"Phoneontop\"]={}\n",
    "        \n",
    "        class_0 = X[X[\"label\"]==\"Phoneonback\"]\n",
    "        class_1 = X[X[\"label\"]==\"Phoneonbottom\"]\n",
    "        class_2 = X[X[\"label\"]==\"Phoneonfront\"]\n",
    "        class_3 = X[X[\"label\"]==\"Phoneonleft\"]\n",
    "        class_4 = X[X[\"label\"]==\"Phoneonright\"]\n",
    "        class_5 = X[X[\"label\"]==\"Phoneontop\"]\n",
    "        \n",
    "        #compute means for each class\n",
    "        mean0=class_0.mean(axis=0)\n",
    "        mean1=class_1.mean(axis=0)\n",
    "        mean2=class_2.mean(axis=0)\n",
    "        mean3=class_3.mean(axis=0)\n",
    "        mean4=class_4.mean(axis=0)\n",
    "        mean5=class_5.mean(axis=0)\n",
    "        \n",
    "        #compute covariance matrices, such that the columns are variables and rows are observations of variables\n",
    "        cov0=np.cov(class_0[class_0.columns[:3]],rowvar=0)\n",
    "        cov1=np.cov(class_1[class_1.columns[:3]],rowvar=0)\n",
    "        cov2=np.cov(class_2[class_2.columns[:3]],rowvar=0)\n",
    "        cov3=np.cov(class_3[class_3.columns[:3]],rowvar=0)\n",
    "        cov4=np.cov(class_4[class_4.columns[:3]],rowvar=0)\n",
    "        cov5=np.cov(class_5[class_5.columns[:3]],rowvar=0)\n",
    "        \n",
    "        #compute the inverse of covariance matrices\n",
    "        prec0=np.linalg.inv(cov0)\n",
    "        prec1=np.linalg.inv(cov1)\n",
    "        prec2=np.linalg.inv(cov2)\n",
    "        prec3=np.linalg.inv(cov3)\n",
    "        prec4=np.linalg.inv(cov4)\n",
    "        prec5=np.linalg.inv(cov5)\n",
    "        \n",
    "        #compute the number of observations for this label.\n",
    "        n0=traindata[\"label\"].value_counts()[\"Phoneonback\"]\n",
    "        n1=traindata[\"label\"].value_counts()[\"Phoneonbottom\"]\n",
    "        n2=traindata[\"label\"].value_counts()[\"Phoneonfront\"]\n",
    "        n3=traindata[\"label\"].value_counts()[\"Phoneonleft\"]\n",
    "        n4=traindata[\"label\"].value_counts()[\"Phoneonright\"]\n",
    "        n5=traindata[\"label\"].value_counts()[\"Phoneontop\"]\n",
    "        \n",
    "        total=n0+n1+n2+n3+n4+n5\n",
    "        \n",
    "        #compute the prior probability of this label.\n",
    "        p0=n0/total\n",
    "        p1=n1/total\n",
    "        p2=n2/total\n",
    "        p3=n3/total\n",
    "        p4=n4/total\n",
    "        p5=n5/total\n",
    "        \n",
    "        # compute logarithm of the determinant of the covariance matrix.\n",
    "        detcov0=np.log(np.linalg.det(cov0))\n",
    "        detcov1=np.log(np.linalg.det(cov1))\n",
    "        detcov2=np.log(np.linalg.det(cov2))\n",
    "        detcov3=np.log(np.linalg.det(cov3))\n",
    "        detcov4=np.log(np.linalg.det(cov4))\n",
    "        detcov5=np.log(np.linalg.det(cov5))\n",
    "        \n",
    "\n",
    "\n",
    "        #dictionary must include :cov,prec,detcov,n,prior\n",
    "        self.new_dic[\"Phoneonback\"][\"cov\"]=cov0\n",
    "        self.new_dic[\"Phoneonback\"][\"prec\"]=prec0\n",
    "        self.new_dic[\"Phoneonback\"][\"detcov\"]=detcov0\n",
    "        self.new_dic[\"Phoneonback\"][\"n\"]=n0\n",
    "        self.new_dic[\"Phoneonback\"][\"prior\"]=p0\n",
    "        self.new_dic[\"Phoneonback\"][\"mu\"]=mean0\n",
    "        \n",
    "        self.new_dic[\"Phoneonbottom\"][\"cov\"]=cov1\n",
    "        self.new_dic[\"Phoneonbottom\"][\"prec\"]=prec1\n",
    "        self.new_dic[\"Phoneonbottom\"][\"detcov\"]=detcov1\n",
    "        self.new_dic[\"Phoneonbottom\"][\"n\"]=n1\n",
    "        self.new_dic[\"Phoneonbottom\"][\"prior\"]=p1\n",
    "        self.new_dic[\"Phoneonbottom\"][\"mu\"]=mean1\n",
    "        \n",
    "        self.new_dic[\"Phoneonfront\"][\"cov\"]=cov2\n",
    "        self.new_dic[\"Phoneonfront\"][\"prec\"]=prec2\n",
    "        self.new_dic[\"Phoneonfront\"][\"detcov\"]=detcov2\n",
    "        self.new_dic[\"Phoneonfront\"][\"n\"]=n2\n",
    "        self.new_dic[\"Phoneonfront\"][\"prior\"]=p2\n",
    "        self.new_dic[\"Phoneonfront\"][\"mu\"]=mean2\n",
    "        \n",
    "        self.new_dic[\"Phoneonleft\"][\"cov\"]=cov3\n",
    "        self.new_dic[\"Phoneonleft\"][\"prec\"]=prec3\n",
    "        self.new_dic[\"Phoneonleft\"][\"detcov\"]=detcov3\n",
    "        self.new_dic[\"Phoneonleft\"][\"n\"]=n3\n",
    "        self.new_dic[\"Phoneonleft\"][\"prior\"]=p3\n",
    "        self.new_dic[\"Phoneonleft\"][\"mu\"]=mean3\n",
    "        \n",
    "        self.new_dic[\"Phoneonright\"][\"cov\"]=cov4\n",
    "        self.new_dic[\"Phoneonright\"][\"prec\"]=prec4\n",
    "        self.new_dic[\"Phoneonright\"][\"detcov\"]=detcov4\n",
    "        self.new_dic[\"Phoneonright\"][\"n\"]=n4\n",
    "        self.new_dic[\"Phoneonright\"][\"prior\"]=p4\n",
    "        self.new_dic[\"Phoneonright\"][\"mu\"]=mean4\n",
    "        \n",
    "        self.new_dic[\"Phoneontop\"][\"cov\"]=cov5\n",
    "        self.new_dic[\"Phoneontop\"][\"prec\"]=prec5\n",
    "        self.new_dic[\"Phoneontop\"][\"detcov\"]=detcov5\n",
    "        self.new_dic[\"Phoneontop\"][\"n\"]=n5\n",
    "        self.new_dic[\"Phoneontop\"][\"prior\"]=p5\n",
    "        self.new_dic[\"Phoneontop\"][\"mu\"]=mean5\n",
    "        return self.new_dic\n",
    "    def predict(self,X_test):\n",
    "        ans = np.ones([X_test.shape[0],1],dtype=int)\n",
    "        new_dic=self.new_dic\n",
    "        for i in range(len(X_test)):\n",
    "            px0=new_dic[\"Phoneonback\"][\"prior\"]*multivariate_normal.pdf(X_test.iloc[i][:3],mean=new_dic[\"Phoneonback\"][\"mu\"],cov=new_dic[\"Phoneonback\"][\"cov\"])\n",
    "            px1=new_dic[\"Phoneonbottom\"][\"prior\"]*multivariate_normal.pdf(X_test.iloc[i][:3],mean=new_dic[\"Phoneonbottom\"][\"mu\"],cov=new_dic[\"Phoneonbottom\"][\"cov\"])\n",
    "            px2=new_dic[\"Phoneonfront\"][\"prior\"]*multivariate_normal.pdf(X_test.iloc[i][:3],mean=new_dic[\"Phoneonfront\"][\"mu\"],cov=new_dic[\"Phoneonfront\"][\"cov\"])\n",
    "            px3=new_dic[\"Phoneonleft\"][\"prior\"]*multivariate_normal.pdf(X_test.iloc[i][:3],mean=new_dic[\"Phoneonleft\"][\"mu\"],cov=new_dic[\"Phoneonleft\"][\"cov\"])\n",
    "            px4=new_dic[\"Phoneonright\"][\"prior\"]*multivariate_normal.pdf(X_test.iloc[i][:3],mean=new_dic[\"Phoneonright\"][\"mu\"],cov=new_dic[\"Phoneonright\"][\"cov\"])\n",
    "            px5=new_dic[\"Phoneontop\"][\"prior\"]*multivariate_normal.pdf(X_test.iloc[i][:3],mean=new_dic[\"Phoneontop\"][\"mu\"],cov=new_dic[\"Phoneontop\"][\"cov\"])\n",
    "            \n",
    "            \n",
    "            m=np.argmax([px0,px1, px2, px3,px4,px5])\n",
    "            ans[i]=m\n",
    "            return ans   "
   ]
  },
  {
   "cell_type": "markdown",
   "metadata": {},
   "source": [
    "Q1.2: Load data from \"phone_train.picke\" and train your model. List your learned model parameters in a pretty, human readable way so that the TA can easily check the correctness of your results."
   ]
  },
  {
   "cell_type": "code",
   "execution_count": 4,
   "metadata": {},
   "outputs": [
    {
     "data": {
      "text/plain": [
       "{'Phoneonback': {'cov': array([[ 0.00299006, -0.00195813,  0.00284766],\n",
       "         [-0.00195813,  0.00229887, -0.0024254 ],\n",
       "         [ 0.00284766, -0.0024254 ,  0.0048876 ]]),\n",
       "  'prec': array([[ 943.63669582,  469.54782044, -316.78479596],\n",
       "         [ 469.54782044, 1146.63145078,  295.42598486],\n",
       "         [-316.78479596,  295.42598486,  535.76812508]]),\n",
       "  'detcov': -18.9875162403822,\n",
       "  'n': 28566,\n",
       "  'prior': 0.17095459523510295,\n",
       "  'mu': x    0.206933\n",
       "  y   -0.026152\n",
       "  z    9.796376\n",
       "  dtype: float64},\n",
       " 'Phoneonbottom': {'cov': array([[ 0.00273883, -0.0044379 ,  0.00151984],\n",
       "         [-0.0044379 ,  0.01026786, -0.00328148],\n",
       "         [ 0.00151984, -0.00328148,  0.00247968]]),\n",
       "  'prec': array([[1229.24902343,  503.42022589,  -87.22678994],\n",
       "         [ 503.42022589,  374.93550309,  187.61601574],\n",
       "         [ -87.22678994,  187.61601574,  705.02302834]]),\n",
       "  'detcov': -18.24230757192601,\n",
       "  'n': 27842,\n",
       "  'prior': 0.1666217825574367,\n",
       "  'mu': x    0.190768\n",
       "  y    9.785847\n",
       "  z    0.146557\n",
       "  dtype: float64},\n",
       " 'Phoneonfront': {'cov': array([[ 0.00173617, -0.00562249,  0.00071319],\n",
       "         [-0.00562249,  0.03069977, -0.00386164],\n",
       "         [ 0.00071319, -0.00386164,  0.00185582]]),\n",
       "  'prec': array([[1415.5956848 ,  258.4845593 ,   -6.15206605],\n",
       "         [ 258.4845593 ,   91.32078358,   90.68682325],\n",
       "         [  -6.15206605,   90.68682325,  729.91124637]]),\n",
       "  'detcov': -17.331692277173115,\n",
       "  'n': 29079,\n",
       "  'prior': 0.1740246683064328,\n",
       "  'mu': x    0.112704\n",
       "  y    0.142651\n",
       "  z   -9.735796\n",
       "  dtype: float64},\n",
       " 'Phoneonleft': {'cov': array([[ 0.00192839, -0.00619274,  0.00063551],\n",
       "         [-0.00619274,  0.03200844, -0.00317611],\n",
       "         [ 0.00063551, -0.00317611,  0.00171996]]),\n",
       "  'prec': array([[1369.95113577,  263.0134811 ,  -20.49603676],\n",
       "         [ 263.0134811 ,   88.74589895,   66.6992188 ],\n",
       "         [ -20.49603676,   66.6992188 ,  712.14869845]]),\n",
       "  'detcov': -17.232141935734493,\n",
       "  'n': 29522,\n",
       "  'prior': 0.17667582302494958,\n",
       "  'mu': x    9.926394\n",
       "  y    0.092757\n",
       "  z   -0.019335\n",
       "  dtype: float64},\n",
       " 'Phoneonright': {'cov': array([[ 0.00076675, -0.00067075,  0.00068673],\n",
       "         [-0.00067075,  0.00682422, -0.00627087],\n",
       "         [ 0.00068673, -0.00627087,  0.00773266]]),\n",
       "  'prec': array([[1432.0246564 ,   93.75083518,  -51.14931824],\n",
       "         [  93.75083518,  581.24293978,  463.03773646],\n",
       "         [ -51.14931824,  463.03773646,  509.36831176]]),\n",
       "  'detcov': -18.48369965825519,\n",
       "  'n': 25687,\n",
       "  'prior': 0.1537250818386925,\n",
       "  'mu': x   -9.649160\n",
       "  y    0.078687\n",
       "  z   -0.007718\n",
       "  dtype: float64},\n",
       " 'Phoneontop': {'cov': array([[ 0.00184664,  0.00529325, -0.00601384],\n",
       "         [ 0.00529325,  0.02519526, -0.02792123],\n",
       "         [-0.00601384, -0.02792123,  0.0331182 ]]),\n",
       "  'prec': array([[1380.20106989, -186.01874711,   93.79832935],\n",
       "         [-186.01874711,  629.12383998,  496.62195539],\n",
       "         [  93.79832935,  496.62195539,  465.9185559 ]]),\n",
       "  'detcov': -17.041318559528115,\n",
       "  'n': 26401,\n",
       "  'prior': 0.15799804903738546,\n",
       "  'mu': x    0.000814\n",
       "  y   -9.699908\n",
       "  z   -0.100216\n",
       "  dtype: float64}}"
      ]
     },
     "execution_count": 4,
     "metadata": {},
     "output_type": "execute_result"
    }
   ],
   "source": [
    "X_train=traindata\n",
    "mapping={\"Phoneonback\":0,\"Phoneonbottom\":1,\"Phoneonfront\":2,\"Phoneonleft\":3,\"Phoneonright\":4,\"Phoneontop\":5}\n",
    "Y_train=pd.DataFrame([])\n",
    "Y_train[\"newlabel\"]=X_train[\"label\"].map(mapping)\n",
    "pgc1 = mypgc()\n",
    "pgc1.fit(X_train, Y_train)"
   ]
  },
  {
   "cell_type": "markdown",
   "metadata": {},
   "source": [
    "Q1.3: Load the test data from \"phone_test1.pickle\" and apply your predict method. List the first 20 predictions and well as the correct labels. Compute the accuracy for your model. Accuracy is the number of correct predictions divided by total number of data points."
   ]
  },
  {
   "cell_type": "code",
   "execution_count": 5,
   "metadata": {},
   "outputs": [],
   "source": [
    "with open('C://Users//POPO//Desktop//phone_test1.pickle', 'rb') as fh1:\n",
    "    testdata = pickle.load(fh1)\n",
    "X_test=testdata\n",
    "mapping={\"Phoneonback\":0,\"Phoneonbottom\":1,\"Phoneonfront\":2,\"Phoneonleft\":3,\"Phoneonright\":4,\"Phoneontop\":5}\n",
    "Y_test=pd.DataFrame([])\n",
    "Y_test[\"newlabel\"]=X_test[\"label\"].map(mapping)"
   ]
  },
  {
   "cell_type": "code",
   "execution_count": 6,
   "metadata": {},
   "outputs": [
    {
     "data": {
      "text/plain": [
       "array([[2],\n",
       "       [1],\n",
       "       [1],\n",
       "       [1],\n",
       "       [1],\n",
       "       [1],\n",
       "       [1],\n",
       "       [1],\n",
       "       [1],\n",
       "       [1],\n",
       "       [1],\n",
       "       [1],\n",
       "       [1],\n",
       "       [1],\n",
       "       [1],\n",
       "       [1],\n",
       "       [1],\n",
       "       [1],\n",
       "       [1],\n",
       "       [1]])"
      ]
     },
     "execution_count": 6,
     "metadata": {},
     "output_type": "execute_result"
    }
   ],
   "source": [
    "ypred = pgc1.predict(X_test)\n",
    "ypred[:20]"
   ]
  },
  {
   "cell_type": "code",
   "execution_count": 7,
   "metadata": {},
   "outputs": [
    {
     "data": {
      "text/html": [
       "<div>\n",
       "<style scoped>\n",
       "    .dataframe tbody tr th:only-of-type {\n",
       "        vertical-align: middle;\n",
       "    }\n",
       "\n",
       "    .dataframe tbody tr th {\n",
       "        vertical-align: top;\n",
       "    }\n",
       "\n",
       "    .dataframe thead th {\n",
       "        text-align: right;\n",
       "    }\n",
       "</style>\n",
       "<table border=\"1\" class=\"dataframe\">\n",
       "  <thead>\n",
       "    <tr style=\"text-align: right;\">\n",
       "      <th></th>\n",
       "      <th>newlabel</th>\n",
       "    </tr>\n",
       "  </thead>\n",
       "  <tbody>\n",
       "    <tr>\n",
       "      <th>0</th>\n",
       "      <td>2</td>\n",
       "    </tr>\n",
       "    <tr>\n",
       "      <th>1</th>\n",
       "      <td>1</td>\n",
       "    </tr>\n",
       "    <tr>\n",
       "      <th>2</th>\n",
       "      <td>1</td>\n",
       "    </tr>\n",
       "    <tr>\n",
       "      <th>3</th>\n",
       "      <td>1</td>\n",
       "    </tr>\n",
       "    <tr>\n",
       "      <th>4</th>\n",
       "      <td>2</td>\n",
       "    </tr>\n",
       "    <tr>\n",
       "      <th>5</th>\n",
       "      <td>4</td>\n",
       "    </tr>\n",
       "    <tr>\n",
       "      <th>6</th>\n",
       "      <td>2</td>\n",
       "    </tr>\n",
       "    <tr>\n",
       "      <th>7</th>\n",
       "      <td>5</td>\n",
       "    </tr>\n",
       "    <tr>\n",
       "      <th>8</th>\n",
       "      <td>2</td>\n",
       "    </tr>\n",
       "    <tr>\n",
       "      <th>9</th>\n",
       "      <td>2</td>\n",
       "    </tr>\n",
       "    <tr>\n",
       "      <th>10</th>\n",
       "      <td>2</td>\n",
       "    </tr>\n",
       "    <tr>\n",
       "      <th>11</th>\n",
       "      <td>0</td>\n",
       "    </tr>\n",
       "    <tr>\n",
       "      <th>12</th>\n",
       "      <td>3</td>\n",
       "    </tr>\n",
       "    <tr>\n",
       "      <th>13</th>\n",
       "      <td>0</td>\n",
       "    </tr>\n",
       "    <tr>\n",
       "      <th>14</th>\n",
       "      <td>1</td>\n",
       "    </tr>\n",
       "    <tr>\n",
       "      <th>15</th>\n",
       "      <td>0</td>\n",
       "    </tr>\n",
       "    <tr>\n",
       "      <th>16</th>\n",
       "      <td>4</td>\n",
       "    </tr>\n",
       "    <tr>\n",
       "      <th>17</th>\n",
       "      <td>4</td>\n",
       "    </tr>\n",
       "    <tr>\n",
       "      <th>18</th>\n",
       "      <td>5</td>\n",
       "    </tr>\n",
       "    <tr>\n",
       "      <th>19</th>\n",
       "      <td>3</td>\n",
       "    </tr>\n",
       "  </tbody>\n",
       "</table>\n",
       "</div>"
      ],
      "text/plain": [
       "    newlabel\n",
       "0          2\n",
       "1          1\n",
       "2          1\n",
       "3          1\n",
       "4          2\n",
       "5          4\n",
       "6          2\n",
       "7          5\n",
       "8          2\n",
       "9          2\n",
       "10         2\n",
       "11         0\n",
       "12         3\n",
       "13         0\n",
       "14         1\n",
       "15         0\n",
       "16         4\n",
       "17         4\n",
       "18         5\n",
       "19         3"
      ]
     },
     "execution_count": 7,
     "metadata": {},
     "output_type": "execute_result"
    }
   ],
   "source": [
    "Y_test[:20]"
   ]
  },
  {
   "cell_type": "code",
   "execution_count": 8,
   "metadata": {},
   "outputs": [
    {
     "data": {
      "text/plain": [
       "newlabel    0.166301\n",
       "dtype: float64"
      ]
     },
     "execution_count": 8,
     "metadata": {},
     "output_type": "execute_result"
    }
   ],
   "source": [
    "(ypred==Y_test).mean()"
   ]
  },
  {
   "cell_type": "markdown",
   "metadata": {},
   "source": [
    "# 第二題 [Logistic Regression with L2 Regularization]"
   ]
  },
  {
   "cell_type": "markdown",
   "metadata": {},
   "source": [
    "(100%) We discussed the Logistic regression and its variation, Bayesian logistic regression that adopts L2 regularization. The Logistic regression with L2 regularization minimize the following error function (cf. file 0b2 linear model for classification.pdf):"
   ]
  },
  {
   "cell_type": "code",
   "execution_count": 9,
   "metadata": {},
   "outputs": [
    {
     "data": {
